('dthx_d:', 0.25528771572125258)
('omega:', -0.0032760549910339195)
('target_tf:', array([[ 0.        , -0.93307953,  0.35967011],
       [-1.        ,  0.        ,  0.        ],
       [ 0.        , -0.35967011, -0.93307953]]))
(0.93307953256588327, -0.35967010705177144)
('dthx_d:', 0.25539126053159106)
('omega:', -0.0032799899355279404)
('target_tf:', array([[ 0.        , -0.93307026,  0.35969417],
       [-1.        ,  0.        ,  0.        ],
       [ 0.        , -0.35969417, -0.93307026]]))
(0.93307025586607395, -0.35969417234369988)
('dthx_d:', 0.25519530285005043)
('omega:', -0.003277749787481229)
('target_tf:', array([[ 0.        , -0.9330993 ,  0.35961882],
       [-1.        ,  0.        ,  0.        ],
       [ 0.        , -0.35961882, -0.9330993 ]]))
(0.93309930213120362, -0.35961881536185059)
('dthx_d:', 0.24773084006339388)
('omega:', -0.0032574637816581843)
('target_tf:', array([[ 0.        , -0.93319173,  0.3593789 ],
       [-1.        ,  0.        ,  0.        ],
       [ 0.        , -0.3593789 , -0.93319173]]))
(0.93319173162946312, -0.35937889756968777)
('dthx_d:', 0.24681574048379271)
('omega:', -0.0032602624425360697)
('target_tf:', array([[ 0.        , -0.93312944,  0.3595406 ],
       [-1.        ,  0.        ,  0.        ],
       [ 0.        , -0.3595406 , -0.93312944]]))
(0.9331294444209266, -0.35954059569774993)
('dthx_d:', 0.2461005509026977)
('omega:', -0.0032544473536249823)
('target_tf:', array([[ 0.        , -0.93334399,  0.35898329],
       [-1.        ,  0.        ,  0.        ],
       [ 0.        , -0.35898329, -0.93334399]]))
(0.93334398790979056, -0.3589832868430628)
('dthx_d:', 0.24526583626786436)
('omega:', -0.0032612782213145199)
('target_tf:', array([[ 0.        , -0.93308335,  0.35966019],
       [-1.        ,  0.        ,  0.        ],
       [ 0.        , -0.35966019, -0.93308335]]))
(0.93308335335700432, -0.35966019475061156)
('dthx_d:', 0.24252540865481689)
('omega:', -0.003256117386525106)
('target_tf:', array([[ 0.        , -0.93325892,  0.35920439],
       [-1.        ,  0.        ,  0.        ],
       [ 0.        , -0.35920439, -0.93325892]]))
(0.93325891737314803, -0.35920438909275548)
('dthx_d:', 0.24182610677263314)
('omega:', -0.0032631197385155422)
('target_tf:', array([[ 0.        , -0.93318497,  0.35939646],
       [-1.        ,  0.        ,  0.        ],
       [ 0.        , -0.35939646, -0.93318497]]))
(0.93318496775492543, -0.35939646068963838)
('dthx_d:', 0.23977792352636718)
('omega:', -0.0032582919017889005)
('target_tf:', array([[ 0.        , -0.93331716,  0.35905303],
       [-1.        ,  0.        ,  0.        ],
       [ 0.        , -0.35905303, -0.93331716]]))
(0.93331716102920415, -0.35905302801729255)
('dthx_d:', 0.23724895666547652)
('omega:', -0.0032596462219348201)
('target_tf:', array([[ 0.        , -0.93328248,  0.35914316],
       [-1.        ,  0.        ,  0.        ],
       [ 0.        , -0.35914316, -0.93328248]]))
(0.93328248107067502, -0.35914316160351034)
('dthx_d:', 0.23569235017889142)
('omega:', -0.0032607096137938895)
('target_tf:', array([[ 0.        , -0.93325735,  0.35920847],
       [-1.        ,  0.        ,  0.        ],
       [ 0.        , -0.35920847, -0.93325735]]))
(0.93325734666923432, -0.3592084699556799)
('dthx_d:', 0.23326867340836027)
('omega:', -0.0032689173163276833)
('target_tf:', array([[ 0.        , -0.93326125,  0.35919833],
       [-1.        ,  0.        ,  0.        ],
       [ 0.        , -0.35919833, -0.93326125]]))
(0.9332612504375436, -0.35919832743451435)
('dthx_d:', 0.23171773478878319)
('omega:', -0.0032622369894597342)
('target_tf:', array([[ 0.        , -0.93326808,  0.35918059],
       [-1.        ,  0.        ,  0.        ],
       [ 0.        , -0.35918059, -0.93326808]]))
(0.9332680784329469, -0.35918058658295388)
('dthx_d:', 0.2302508052975808)
('omega:', -0.0032631959833822432)
('target_tf:', array([[ 0.        , -0.93323908,  0.35925593],
       [-1.        ,  0.        ,  0.        ],
       [ 0.        , -0.35925593, -0.93323908]]))
(0.93323907771542303, -0.35925593081376767)
('dthx_d:', 0.22872862550347628)
('omega:', -0.0032567726648140638)
('target_tf:', array([[ 0.        , -0.93325657,  0.35921048],
       [-1.        ,  0.        ,  0.        ],
       [ 0.        , -0.35921048, -0.93325657]]))
(0.93325657374554127, -0.35921047807759326)
('dthx_d:', 0.22673475422664954)
('omega:', -0.0032571950444092081)
('target_tf:', array([[ 0.        , -0.93330543,  0.35908351],
       [-1.        ,  0.        ,  0.        ],
       [ 0.        , -0.35908351, -0.93330543]]))
(0.93330543475403327, -0.35908350763935803)
('dthx_d:', 0.22502330706977328)
('omega:', -0.0032572109753076766)
('target_tf:', array([[ 0.        , -0.93332996,  0.35901976],
       [-1.        ,  0.        ,  0.        ],
       [ 0.        , -0.35901976, -0.93332996]]))
(0.93332995815099162, -0.35901976159797699)
('dthx_d:', 0.22374871207600044)
('omega:', -0.0032613889448495272)
('target_tf:', array([[ 0.        , -0.93324882,  0.35923061],
       [-1.        ,  0.        ,  0.        ],
       [ 0.        , -0.35923061, -0.93324882]]))
(0.93324882410360355, -0.35923061159823405)
('dthx_d:', 0.222161187178749)
('omega:', -0.0032596980303911506)
('target_tf:', array([[ 0.        , -0.93329715,  0.35910503],
       [-1.        ,  0.        ,  0.        ],
       [ 0.        , -0.35910503, -0.93329715]]))
(0.93329715219070708, -0.35910503437395047)
('dthx_d:', 0.22094463596911754)
('omega:', -0.0032519721381271752)
('target_tf:', array([[ 0.        , -0.93326941,  0.35917713],
       [-1.        ,  0.        ,  0.        ],
       [ 0.        , -0.35917713, -0.93326941]]))
(0.93326940802027447, -0.35917713186321654)
('dthx_d:', 0.2195427781072268)
('omega:', -0.0032557916130763337)
('target_tf:', array([[ 0.        , -0.93325851,  0.35920544],
       [-1.        ,  0.        ,  0.        ],
       [ 0.        , -0.35920544, -0.93325851]]))
(0.93325851150477257, -0.35920544358889706)
('dthx_d:', 0.21806029526988882)
('omega:', -0.0032560229568250466)
('target_tf:', array([[ 0.        , -0.93319921,  0.35935949],
       [-1.        ,  0.        ,  0.        ],
       [ 0.        , -0.35935949, -0.93319921]]))
(0.9331992061444444, -0.35935948804975054)
('dthx_d:', 0.21636994205824933)
('omega:', -0.0032507337119326921)
('target_tf:', array([[ 0.        , -0.93322289,  0.35929797],
       [-1.        ,  0.        ,  0.        ],
       [ 0.        , -0.35929797, -0.93322289]]))
(0.93322289412434367, -0.35929796810194187)
('dthx_d:', 0.21504788008827333)
('omega:', -0.0032604055943137298)
('target_tf:', array([[ 0.        , -0.93320722,  0.35933868],
       [-1.        ,  0.        ,  0.        ],
       [ 0.        , -0.35933868, -0.93320722]]))
(0.93320721805839957, -0.35933868169695105)
('dthx_d:', 0.21277301960754996)
('omega:', -0.0032589029311422429)
('target_tf:', array([[ 0.        , -0.93322628,  0.35928916],
       [-1.        ,  0.        ,  0.        ],
       [ 0.        , -0.35928916, -0.93322628]]))
(0.93322628458908163, -0.35928916175144837)
('dthx_d:', 0.21145097195633963)
('omega:', -0.003256973350112353)
('target_tf:', array([[ 0.        , -0.933218  ,  0.35931067],
       [-1.        ,  0.        ,  0.        ],
       [ 0.        , -0.35931067, -0.933218  ]]))
(0.9332180043061945, -0.35931066841768489)
('dthx_d:', 0.20976563271184692)
('omega:', -0.0032549132339440598)
('target_tf:', array([[ 0.        , -0.93329293,  0.35911601],
       [-1.        ,  0.        ,  0.        ],
       [ 0.        , -0.35911601, -0.93329293]]))
(0.93329293009360226, -0.35911600721396203)
('dthx_d:', 0.20802585243502325)
('omega:', -0.0032531472087264281)
('target_tf:', array([[ 0.        , -0.93333206,  0.35901429],
       [-1.        ,  0.        ,  0.        ],
       [ 0.        , -0.35901429, -0.93333206]]))
(0.93333206280289127, -0.35901429016697906)
('dthx_d:', 0.2056792884811183)
('omega:', -0.0032539626441960403)
('target_tf:', array([[ 0.        , -0.9333582 ,  0.35894633],
       [-1.        ,  0.        ,  0.        ],
       [ 0.        , -0.35894633, -0.9333582 ]]))
(0.93335820261864566, -0.35894632691321859)
('dthx_d:', 0.2039526010653232)
('omega:', -0.0032535679193070235)
('target_tf:', array([[ 0.        , -0.93338801,  0.35886882],
       [-1.        ,  0.        ,  0.        ],
       [ 0.        , -0.35886882, -0.93338801]]))
(0.93338800507374364, -0.35886882280919452)
('dthx_d:', 0.20097635994633581)
('omega:', -0.0032469993513887583)
('target_tf:', array([[ 0.        , -0.93347849,  0.35863339],
       [-1.        ,  0.        ,  0.        ],
       [ 0.        , -0.35863339, -0.93347849]]))
(0.93347848897026475, -0.35863339307681785)
('dthx_d:', 0.19993148749692036)
('omega:', -0.0032476161094225162)
('target_tf:', array([[ 0.        , -0.93353495,  0.3584864 ],
       [-1.        ,  0.        ,  0.        ],
       [ 0.        , -0.3584864 , -0.93353495]]))
(0.93353494833371176, -0.35848640174987695)
('dthx_d:', 0.19910750712604611)
('omega:', -0.0032442938694336823)
('target_tf:', array([[ 0.        , -0.93349648,  0.35858655],
       [-1.        ,  0.        ,  0.        ],
       [ 0.        , -0.35858655, -0.93349648]]))
(0.93349648407462549, -0.35858655052903543)
('dthx_d:', 0.19668923508795474)
('omega:', -0.0032494368653298682)
('target_tf:', array([[ 0.        , -0.93355375,  0.35843744],
       [-1.        ,  0.        ,  0.        ],
       [ 0.        , -0.35843744, -0.93355375]]))
(0.93355374822127368, -0.35843744109957421)
('dthx_d:', 0.19485887882943032)
('omega:', -0.0032437015206768396)
('target_tf:', array([[ 0.        , -0.93351808,  0.35853031],
       [-1.        ,  0.        ,  0.        ],
       [ 0.        , -0.35853031, -0.93351808]]))
(0.93351808492212329, -0.35853031269800806)
('dthx_d:', 0.19315944452080283)
('omega:', -0.0032431344746076136)
('target_tf:', array([[ 0.        , -0.93349754,  0.35858379],
       [-1.        ,  0.        ,  0.        ],
       [ 0.        , -0.35858379, -0.93349754]]))
(0.93349754488750125, -0.35858378893782639)
('dthx_d:', 0.19138652326814393)
('omega:', -0.0032360897745093327)
('target_tf:', array([[ 0.        , -0.93347687,  0.35863761],
       [-1.        ,  0.        ,  0.        ],
       [ 0.        , -0.35863761, -0.93347687]]))
(0.93347686827263032, -0.35863761152439427)
('dthx_d:', 0.18997957275094893)
('omega:', -0.0032429506321196146)
('target_tf:', array([[ 0.        , -0.93343833,  0.35873791],
       [-1.        ,  0.        ,  0.        ],
       [ 0.        , -0.35873791, -0.93343833]]))
(0.93343832709630281, -0.35873791200214056)
('dthx_d:', 0.18853234723145199)
('omega:', -0.0032401791934858061)
('target_tf:', array([[ 0.        , -0.93345143,  0.35870381],
       [-1.        ,  0.        ,  0.        ],
       [ 0.        , -0.35870381, -0.93345143]]))
(0.93345143063086489, -0.358703814662169)
('dthx_d:', 0.18711624245073205)
('omega:', -0.00324026621411736)
('target_tf:', array([[ 0.        , -0.93341454,  0.3587998 ],
       [-1.        ,  0.        ,  0.        ],
       [ 0.        , -0.3587998 , -0.93341454]]))
(0.93341453949688791, -0.35879980135977313)
('dthx_d:', 0.18516020210485298)
('omega:', -0.0032394477033677038)
('target_tf:', array([[ 0.        , -0.93336567,  0.35892692],
       [-1.        ,  0.        ,  0.        ],
       [ 0.        , -0.35892692, -0.93336567]]))
(0.93336566587545933, -0.35892691981078889)
('dthx_d:', 0.18328737642243209)
('omega:', -0.0032303854583316007)
('target_tf:', array([[ 0.        , -0.93338069,  0.35888784],
       [-1.        ,  0.        ,  0.        ],
       [ 0.        , -0.35888784, -0.93338069]]))
(0.93338069240965171, -0.35888784186271788)
('dthx_d:', 0.18162348882437374)
('omega:', -0.0032348050425009081)
('target_tf:', array([[ 0.        , -0.93339181,  0.35885893],
       [-1.        ,  0.        ,  0.        ],
       [ 0.        , -0.35885893, -0.93339181]]))
(0.93339181050116748, -0.35885892505182682)
('dthx_d:', 0.17860827671270343)
('omega:', -0.0032372884894916708)
('target_tf:', array([[ 0.        , -0.93339272,  0.35885656],
       [-1.        ,  0.        ,  0.        ],
       [ 0.        , -0.35885656, -0.93339272]]))
(0.93339271959937997, -0.35885656047907666)
('dthx_d:', 0.17614266701379536)
('omega:', -0.0032348595387706523)
('target_tf:', array([[ 0.        , -0.93345081,  0.35870542],
       [-1.        ,  0.        ,  0.        ],
       [ 0.        , -0.35870542, -0.93345081]]))
(0.93345081326213442, -0.35870542123065258)
('dthx_d:', 0.17448992070084929)
('omega:', -0.0032255689910825561)
('target_tf:', array([[ 0.        , -0.93342702,  0.35876734],
       [-1.        ,  0.        ,  0.        ],
       [ 0.        , -0.35876734, -0.93342702]]))
(0.93342701547203122, -0.35876734353474315)
('dthx_d:', 0.17212401297134974)
('omega:', -0.0032259660084316497)
('target_tf:', array([[ 0.        , -0.93342425,  0.35877453],
       [-1.        ,  0.        ,  0.        ],
       [ 0.        , -0.35877453, -0.93342425]]))
(0.93342425379731742, -0.35877452867075327)
('dthx_d:', 0.1713876297166603)
('omega:', -0.0032300637389238596)
('target_tf:', array([[ 0.        , -0.93345675,  0.35868998],
       [-1.        ,  0.        ,  0.        ],
       [ 0.        , -0.35868998, -0.93345675]]))
(0.93345674599625383, -0.35868998223268689)
('dthx_d:', 0.1688658909540936)
('omega:', -0.0032343921634882377)
('target_tf:', array([[ 0.        , -0.93354397,  0.3584629 ],
       [-1.        ,  0.        ,  0.        ],
       [ 0.        , -0.3584629 , -0.93354397]]))
(0.9335439731766163, -0.35846289925962649)
('dthx_d:', 0.16639421163261683)
('omega:', -0.0032286034848797011)
('target_tf:', array([[ 0.        , -0.93356571,  0.35840628],
       [-1.        ,  0.        ,  0.        ],
       [ 0.        , -0.35840628, -0.93356571]]))
(0.93356571311447545, -0.35840627686615772)
('dthx_d:', 0.16555769608252077)
('omega:', -0.0032313119885223718)
('target_tf:', array([[ 0.        , -0.93357838,  0.35837327],
       [-1.        ,  0.        ,  0.        ],
       [ 0.        , -0.35837327, -0.93357838]]))
(0.93357838321591868, -0.3583732724296711)
('dthx_d:', 0.16406166207024683)
('omega:', -0.0032191200547098927)
('target_tf:', array([[ 0.        , -0.93354724,  0.3584544 ],
       [-1.        ,  0.        ,  0.        ],
       [ 0.        , -0.3584544 , -0.93354724]]))
(0.93354723660062977, -0.35845440021755604)
('dthx_d:', 0.16242292708511841)
('omega:', -0.0032264724796893327)
('target_tf:', array([[ 0.        , -0.93361757,  0.35827116],
       [-1.        ,  0.        ,  0.        ],
       [ 0.        , -0.35827116, -0.93361757]]))
(0.93361757492305009, -0.35827115959117195)
('dthx_d:', 0.16043042914132205)
('omega:', -0.0032269673005138884)
('target_tf:', array([[ 0.        , -0.93362247,  0.35825839],
       [-1.        ,  0.        ,  0.        ],
       [ 0.        , -0.35825839, -0.93362247]]))
(0.93362247372217533, -0.35825839356655137)
('dthx_d:', 0.15851984469786798)
('omega:', -0.0032148520542291136)
('target_tf:', array([[ 0.        , -0.93369476,  0.35806995],
       [-1.        ,  0.        ,  0.        ],
       [ 0.        , -0.35806995, -0.93369476]]))
(0.93369476289952069, -0.35806995089508392)
('dthx_d:', 0.15757125474093669)
('omega:', -0.0032158119244166728)
('target_tf:', array([[ 0.        , -0.93364901,  0.35818923],
       [-1.        ,  0.        ,  0.        ],
       [ 0.        , -0.35818923, -0.93364901]]))
(0.93364901180063642, -0.35818922759303501)
('dthx_d:', 0.15533111224651713)
('omega:', -0.0032225945958619055)
('target_tf:', array([[ 0.        , -0.93364689,  0.35819476],
       [-1.        ,  0.        ,  0.        ],
       [ 0.        , -0.35819476, -0.93364689]]))
(0.93364688921526007, -0.35819476023340702)
('dthx_d:', 0.15356315991536687)
('omega:', -0.0032213022808516658)
('target_tf:', array([[ 0.        , -0.93372552,  0.35798974],
       [-1.        ,  0.        ,  0.        ],
       [ 0.        , -0.35798974, -0.93372552]]))
(0.93372551881729793, -0.35798974218456014)
('dthx_d:', 0.15223563704234314)
('omega:', -0.0032143445646918359)
('target_tf:', array([[ 0.        , -0.93366858,  0.35813821],
       [-1.        ,  0.        ,  0.        ],
       [ 0.        , -0.35813821, -0.93366858]]))
(0.93366858166212496, -0.35813821300865945)
('dthx_d:', 0.14986647180911242)
('omega:', -0.003214909391005741)
('target_tf:', array([[ 0.        , -0.93370497,  0.35804333],
       [-1.        ,  0.        ,  0.        ],
       [ 0.        , -0.35804333, -0.93370497]]))
(0.93370497157467425, -0.35804332985930171)
('dthx_d:', 0.14850910643622067)
('omega:', -0.0032082125893005279)
('target_tf:', array([[ 0.        , -0.93364038,  0.35821172],
       [-1.        ,  0.        ,  0.        ],
       [ 0.        , -0.35821172, -0.93364038]]))
(0.93364038250573511, -0.3582117197336579)
('dthx_d:', 0.14663287635881539)
('omega:', -0.003213559257206758)
('target_tf:', array([[ 0.        , -0.93363124,  0.35823556],
       [-1.        ,  0.        ,  0.        ],
       [ 0.        , -0.35823556, -0.93363124]]))
(0.93363123665329173, -0.35823555650611394)
('dthx_d:', 0.14522684233511648)
('omega:', -0.0032112114066488195)
('target_tf:', array([[ 0.        , -0.93358457,  0.35835716],
       [-1.        ,  0.        ,  0.        ],
       [ 0.        , -0.35835716, -0.93358457]]))
(0.93358456813631596, -0.35835716002017931)
('dthx_d:', 0.14294091861578564)
('omega:', -0.0032122441911887896)
('target_tf:', array([[ 0.        , -0.93355699,  0.35842901],
       [-1.        ,  0.        ,  0.        ],
       [ 0.        , -0.35842901, -0.93355699]]))
(0.9335569858070093, -0.35842900866270783)
('dthx_d:', 0.14147695106588681)
('omega:', -0.0032115410628439176)
('target_tf:', array([[ 0.        , -0.9335308 ,  0.35849721],
       [-1.        ,  0.        ,  0.        ],
       [ 0.        , -0.35849721, -0.9335308 ]]))
(0.9335307992173133, -0.35849720628295595)
('dthx_d:', 0.13775790658246739)
('omega:', -0.0032077631222970598)
('target_tf:', array([[ 0.        , -0.93350937,  0.35855301],
       [-1.        ,  0.        ,  0.        ],
       [ 0.        , -0.35855301, -0.93350937]]))
(0.93350936724171873, -0.35855301040706095)
('dthx_d:', 0.13596168380173515)
('omega:', -0.0032035065409227871)
('target_tf:', array([[ 0.        , -0.93355288,  0.3584397 ],
       [-1.        ,  0.        ,  0.        ],
       [ 0.        , -0.3584397 , -0.93355288]]))
(0.93355288201919562, -0.35843969712303603)
('dthx_d:', 0.13450664958117228)
('omega:', -0.0032066631944605061)
('target_tf:', array([[ 0.        , -0.93353395,  0.358489  ],
       [-1.        ,  0.        ,  0.        ],
       [ 0.        , -0.358489  , -0.93353395]]))
(0.93353395202277767, -0.35848899623382346)
('dthx_d:', 0.13287640045116536)
('omega:', -0.0032040550409953559)
('target_tf:', array([[ 0.        , -0.93357679,  0.35837742],
       [-1.        ,  0.        ,  0.        ],
       [ 0.        , -0.35837742, -0.93357679]]))
(0.93357679110443859, -0.35837741992366012)
('dthx_d:', 0.1291154230998437)
('omega:', -0.0031973056717898417)
('target_tf:', array([[ 0.        , -0.93370833,  0.35803456],
       [-1.        ,  0.        ,  0.        ],
       [ 0.        , -0.35803456, -0.93370833]]))
(0.93370833299037004, -0.35803456384034249)
('dthx_d:', 0.12671579277105646)
('omega:', -0.0031975188957286769)
('target_tf:', array([[ 0.        , -0.93370697,  0.35803813],
       [-1.        ,  0.        ,  0.        ],
       [ 0.        , -0.35803813, -0.93370697]]))
(0.93370696569257983, -0.35803812955767095)
('dthx_d:', 0.12525390428092339)
('omega:', -0.0031961997103051934)
('target_tf:', array([[ 0.        , -0.93373877,  0.35795517],
       [-1.        ,  0.        ,  0.        ],
       [ 0.        , -0.35795517, -0.93373877]]))
(0.93373877483351797, -0.35795516531040705)
('dthx_d:', 0.12352435994242328)
('omega:', -0.0032000199551766766)
('target_tf:', array([[ 0.        , -0.93376063,  0.35789815],
       [-1.        ,  0.        ,  0.        ],
       [ 0.        , -0.35789815, -0.93376063]]))
(0.93376062932278248, -0.35789815189061991)
('dthx_d:', 0.12088463451200578)
('omega:', -0.0032009462692105745)
('target_tf:', array([[ 0.        , -0.93381984,  0.35774363],
       [-1.        ,  0.        ,  0.        ],
       [ 0.        , -0.35774363, -0.93381984]]))
(0.93381983998161466, -0.35774363230770656)
('dthx_d:', 0.11990451402273755)
('omega:', -0.0031933619696357116)
('target_tf:', array([[ 0.        , -0.93377974,  0.35784829],
       [-1.        ,  0.        ,  0.        ],
       [ 0.        , -0.35784829, -0.93377974]]))
(0.93377974111105633, -0.35784828501834215)
('dthx_d:', 0.11823667344313858)
('omega:', -0.0031975332012453943)
('target_tf:', array([[ 0.        , -0.9338272 ,  0.35772443],
       [-1.        ,  0.        ,  0.        ],
       [ 0.        , -0.35772443, -0.9338272 ]]))
(0.93382719650907486, -0.35772442893937456)
('dthx_d:', 0.11622866799986159)
('omega:', -0.0031985041180249115)
('target_tf:', array([[ 0.        , -0.93382068,  0.35774145],
       [-1.        ,  0.        ,  0.        ],
       [ 0.        , -0.35774145, -0.93382068]]))
(0.93382067522649914, -0.35774145205654495)
('dthx_d:', 0.11496865452178326)
('omega:', -0.0031940236676641131)
('target_tf:', array([[ 0.        , -0.93381415,  0.35775848],
       [-1.        ,  0.        ,  0.        ],
       [ 0.        , -0.35775848, -0.93381415]]))
(0.93381415278235302, -0.35775847727674631)
('dthx_d:', 0.11368541881373311)
('omega:', -0.0031914487611668079)
('target_tf:', array([[ 0.        , -0.93378151,  0.35784367],
       [-1.        ,  0.        ,  0.        ],
       [ 0.        , -0.35784367, -0.93378151]]))
(0.93378150907844493, -0.35784367159862157)
('dthx_d:', 0.11158142532655448)
('omega:', -0.0031939526457660135)
('target_tf:', array([[ 0.        , -0.93376982,  0.35787417],
       [-1.        ,  0.        ,  0.        ],
       [ 0.        , -0.35787417, -0.93376982]]))
(0.93376981933784953, -0.35787417410838668)
('dthx_d:', 0.10969690351663722)
('omega:', -0.0031897929507147191)
('target_tf:', array([[ 0.        , -0.93378469,  0.35783536],
       [-1.        ,  0.        ,  0.        ],
       [ 0.        , -0.35783536, -0.93378469]]))
(0.93378469452902546, -0.35783535915744075)
('dthx_d:', 0.10764726242910241)
('omega:', -0.0031899745019432508)
('target_tf:', array([[ 0.        , -0.93379849,  0.35779936],
       [-1.        ,  0.        ,  0.        ],
       [ 0.        , -0.35779936, -0.93379849]]))
(0.93379848998286474, -0.35779935732994506)
('dthx_d:', 0.10661796957912423)
('omega:', -0.0031882059659059819)
('target_tf:', array([[ 0.        , -0.93379843,  0.35779951],
       [-1.        ,  0.        ,  0.        ],
       [ 0.        , -0.35779951, -0.93379843]]))
(0.9337984308045697, -0.35779951177569153)
('dthx_d:', 0.10517518380677802)
('omega:', -0.0031834215385121083)
('target_tf:', array([[ 0.        , -0.93377   ,  0.35787372],
       [-1.        ,  0.        ,  0.        ],
       [ 0.        , -0.35787372, -0.93377   ]]))
(0.93376999520319848, -0.35787371523795747)
('dthx_d:', 0.10374227598323162)
('omega:', -0.0031820593100857445)
('target_tf:', array([[ 0.        , -0.93376798,  0.35787896],
       [-1.        ,  0.        ,  0.        ],
       [ 0.        , -0.35787896, -0.93376798]]))
(0.93376798461457755, -0.3578789612548216)
('dthx_d:', 0.10329926958532314)
('omega:', -0.0031927844582804125)
('target_tf:', array([[ 0.        , -0.93373613,  0.35796207],
       [-1.        ,  0.        ,  0.        ],
       [ 0.        , -0.35796207, -0.93373613]]))
(0.93373612911552362, -0.35796206668354985)
('dthx_d:', 0.10201113015425198)
('omega:', -0.003190195924771962)
('target_tf:', array([[ 0.        , -0.9337535 ,  0.35791674],
       [-1.        ,  0.        ,  0.        ],
       [ 0.        , -0.35791674, -0.9337535 ]]))
(0.93375350288159642, -0.3579167443084334)
('dthx_d:', 0.10016424218781982)
('omega:', -0.003180521269997379)
('target_tf:', array([[ 0.        , -0.93381493,  0.35775646],
       [-1.        ,  0.        ,  0.        ],
       [ 0.        , -0.35775646, -0.93381493]]))
(0.93381492503784647, -0.35775646154410856)
('dthx_d:', 0.09880531548816672)
('omega:', -0.0031827552914041948)
('target_tf:', array([[ 0.        , -0.93376088,  0.35789751],
       [-1.        ,  0.        ,  0.        ],
       [ 0.        , -0.35789751, -0.93376088]]))
(0.93376087533295837, -0.35789751004642012)
('dthx_d:', 0.097585098711385626)
('omega:', -0.0031884212490003376)
('target_tf:', array([[ 0.        , -0.93375961,  0.35790082],
       [-1.        ,  0.        ,  0.        ],
       [ 0.        , -0.35790082, -0.93375961]]))
(0.9337596053789804, -0.35790082336101275)
('dthx_d:', 0.095916783706494119)
('omega:', -0.0031875272719937373)
('target_tf:', array([[ 0.        , -0.93373676,  0.35796042],
       [-1.        ,  0.        ,  0.        ],
       [ 0.        , -0.35796042, -0.93373676]]))
(0.93373675944052881, -0.35796042249039217)
('dthx_d:', 0.09349649437752397)
('omega:', -0.0031836852181081304)
('target_tf:', array([[ 0.        , -0.93369876,  0.35805953],
       [-1.        ,  0.        ,  0.        ],
       [ 0.        , -0.35805953, -0.93369876]]))
(0.93369875800091151, -0.35805953318904293)
('dthx_d:', 0.091911421165567248)
('omega:', -0.0031826366587350222)
('target_tf:', array([[ 0.        , -0.93370826,  0.35803475],
       [-1.        ,  0.        ,  0.        ],
       [ 0.        , -0.35803475, -0.93370826]]))
(0.93370826032560172, -0.35803475334070339)
('dthx_d:', 0.08918485447276181)
('omega:', -0.0031826687832609704)
('target_tf:', array([[ 0.        , -0.93379585,  0.35780625],
       [-1.        ,  0.        ,  0.        ],
       [ 0.        , -0.35780625, -0.93379585]]))
(0.9337958502750936, -0.3578062464645006)
('dthx_d:', 0.087617009966510243)
('omega:', -0.0031781712929739737)
('target_tf:', array([[ 0.        , -0.93378598,  0.35783201],
       [-1.        ,  0.        ,  0.        ],
       [ 0.        , -0.35783201, -0.93378598]]))
(0.93378597786602269, -0.35783201022378619)
('dthx_d:', 0.086216399852016914)
('omega:', -0.0031768040706473544)
('target_tf:', array([[ 0.        , -0.93382189,  0.35773828],
       [-1.        ,  0.        ,  0.        ],
       [ 0.        , -0.35773828, -0.93382189]]))
(0.93382189144801908, -0.35773827730960528)
('dthx_d:', 0.08356310519139766)
('omega:', -0.0031779420173010074)
('target_tf:', array([[ 0.        , -0.93388134,  0.35758306],
       [-1.        ,  0.        ,  0.        ],
       [ 0.        , -0.35758306, -0.93388134]]))
(0.93388134008611856, -0.35758305697971121)
('dthx_d:', 0.080666778005998405)
('omega:', -0.0031690456921847007)
('target_tf:', array([[ 0.        , -0.93394781,  0.35740942],
       [-1.        ,  0.        ,  0.        ],
       [ 0.        , -0.35740942, -0.93394781]]))
(0.93394780775126818, -0.35740941844976648)
('dthx_d:', 0.078753390769858531)
('omega:', -0.0031695323094831605)
('target_tf:', array([[ 0.        , -0.93393504,  0.35744278],
       [-1.        ,  0.        ,  0.        ],
       [ 0.        , -0.35744278, -0.93393504]]))
(0.93393503979290948, -0.35744278066148794)
('dthx_d:', 0.076401106015771811)
('omega:', -0.0031764873688190226)
('target_tf:', array([[ 0.        , -0.93392893,  0.35745876],
       [-1.        ,  0.        ,  0.        ],
       [ 0.        , -0.35745876, -0.93392893]]))
(0.93392892551307949, -0.35745875578867109)
('dthx_d:', 0.073715044037501398)
('omega:', -0.0031731917840010964)
('target_tf:', array([[ 0.        , -0.93395825,  0.35738213],
       [-1.        ,  0.        ,  0.        ],
       [ 0.        , -0.35738213, -0.93395825]]))
(0.93395825000419541, -0.35738213056768908)
('dthx_d:', 0.072236861157855908)
('omega:', -0.0031676745046301429)
('target_tf:', array([[ 0.        , -0.93392167,  0.3574777 ],
       [-1.        ,  0.        ,  0.        ],
       [ 0.        , -0.3574777 , -0.93392167]]))
(0.93392167437145801, -0.35747770019850522)
('dthx_d:', 0.070716519420633506)
('omega:', -0.0031750526994807193)
('target_tf:', array([[ 0.        , -0.93386174,  0.35763425],
       [-1.        ,  0.        ,  0.        ],
       [ 0.        , -0.35763425, -0.93386174]]))
(0.9338617376793994, -0.35763424737909633)
('dthx_d:', 0.06889479122286829)
('omega:', -0.0031734625569228101)
('target_tf:', array([[ 0.        , -0.93386553,  0.35762435],
       [-1.        ,  0.        ,  0.        ],
       [ 0.        , -0.35762435, -0.93386553]]))
(0.93386552740019879, -0.3576243514269527)
('dthx_d:', 0.067552693180441631)
('omega:', -0.0031686352870144603)
('target_tf:', array([[ 0.        , -0.93385313,  0.35765674],
       [-1.        ,  0.        ,  0.        ],
       [ 0.        , -0.35765674, -0.93385313]]))
(0.93385312540595189, -0.35765673510998713)
('dthx_d:', 0.065844735014739059)
('omega:', -0.0031741122103257214)
('target_tf:', array([[ 0.        , -0.93381989,  0.35774351],
       [-1.        ,  0.        ,  0.        ],
       [ 0.        , -0.35774351, -0.93381989]]))
(0.93381988735909549, -0.35774350863802723)
('dthx_d:', 0.064515033869621957)
('omega:', -0.0031753824634807902)
('target_tf:', array([[ 0.        , -0.93385635,  0.35764832],
       [-1.        ,  0.        ,  0.        ],
       [ 0.        , -0.35764832, -0.93385635]]))
(0.93385634937634621, -0.35764831710702011)
('dthx_d:', 0.061599457428058571)
('omega:', -0.0031691513406159688)
('target_tf:', array([[ 0.        , -0.93388051,  0.35758522],
       [-1.        ,  0.        ,  0.        ],
       [ 0.        , -0.35758522, -0.93388051]]))
(0.93388051053444332, -0.35758522346977301)
('dthx_d:', 0.060355807205353718)
('omega:', -0.0031691696319720592)
('target_tf:', array([[ 0.        , -0.93388662,  0.35756927],
       [-1.        ,  0.        ,  0.        ],
       [ 0.        , -0.35756927, -0.93388662]]))
(0.9338866202903493, -0.35756926663608685)
('dthx_d:', 0.058803973785466424)
('omega:', -0.0031658365581406301)
('target_tf:', array([[ 0.        , -0.93387228,  0.35760672],
       [-1.        ,  0.        ,  0.        ],
       [ 0.        , -0.35760672, -0.93387228]]))
(0.93387227765884873, -0.3576067239584208)
('dthx_d:', 0.057404993727873652)
('omega:', -0.0031639755831544105)
('target_tf:', array([[ 0.        , -0.93387412,  0.3576019 ],
       [-1.        ,  0.        ,  0.        ],
       [ 0.        , -0.3576019 , -0.93387412]]))
(0.93387412416674798, -0.3576019018570642)
('dthx_d:', 0.05469828026811191)
('omega:', -0.0031620577952036367)
('target_tf:', array([[ 0.        , -0.93380467,  0.35778324],
       [-1.        ,  0.        ,  0.        ],
       [ 0.        , -0.35778324, -0.93380467]]))
(0.93380466525136485, -0.35778324046101773)
('dthx_d:', 0.053181378014028391)
('omega:', -0.0031609073925426279)
('target_tf:', array([[ 0.        , -0.93382754,  0.35772353],
       [-1.        ,  0.        ,  0.        ],
       [ 0.        , -0.35772353, -0.93382754]]))
(0.93382754135505308, -0.35772352872962754)
('dthx_d:', 0.050427695241125357)
('omega:', -0.0031563961541436927)
('target_tf:', array([[ 0.        , -0.93388459,  0.35757456],
       [-1.        ,  0.        ,  0.        ],
       [ 0.        , -0.35757456, -0.93388459]]))
(0.93388459398417134, -0.35757455882517625)
('dthx_d:', 0.048709049448371934)
('omega:', -0.003157676605466864)
('target_tf:', array([[ 0.        , -0.93390621,  0.35751811],
       [-1.        ,  0.        ,  0.        ],
       [ 0.        , -0.35751811, -0.93390621]]))
(0.933906205439341, -0.3575181106488054)
('dthx_d:', 0.048016824336095963)
('omega:', -0.0031577176053404106)
('target_tf:', array([[ 0.        , -0.93388928,  0.35756231],
       [-1.        ,  0.        ,  0.        ],
       [ 0.        , -0.35756231, -0.93388928]]))
(0.93388928410335514, -0.35756230930695537)
('dthx_d:', 0.04571150561598207)
('omega:', -0.0031546586196895933)
('target_tf:', array([[ 0.        , -0.9339156 ,  0.35749358],
       [-1.        ,  0.        ,  0.        ],
       [ 0.        , -0.35749358, -0.9339156 ]]))
(0.93391559724843953, -0.35749357646829194)
('dthx_d:', 0.04487635937925448)
('omega:', -0.0031455369622127166)
('target_tf:', array([[ 0.        , -0.93392994,  0.35745609],
       [-1.        ,  0.        ,  0.        ],
       [ 0.        , -0.35745609, -0.93392994]]))
(0.9339299447818491, -0.35745609274395129)
('dthx_d:', 0.041882627727160185)
('omega:', -0.0031499742096084654)
('target_tf:', array([[ 0.        , -0.93400345,  0.35726398],
       [-1.        ,  0.        ,  0.        ],
       [ 0.        , -0.35726398, -0.93400345]]))
(0.93400345206866686, -0.35726398016566618)
('dthx_d:', 0.039875870832382532)
('omega:', -0.0031450828838525814)
('target_tf:', array([[ 0.        , -0.93401846,  0.35722474],
       [-1.        ,  0.        ,  0.        ],
       [ 0.        , -0.35722474, -0.93401846]]))
(0.93401845935467864, -0.35722474380243108)
('dthx_d:', 0.03713057215218471)
('omega:', -0.0031514032580409663)
('target_tf:', array([[ 0.        , -0.9340539 ,  0.35713208],
       [-1.        ,  0.        ,  0.        ],
       [ 0.        , -0.35713208, -0.9340539 ]]))
(0.93405389533417449, -0.35713207726421747)
('dthx_d:', 0.035869581492712806)
('omega:', -0.0031470967159310708)
('target_tf:', array([[ 0.        , -0.9340571 ,  0.35712369],
       [-1.        ,  0.        ,  0.        ],
       [ 0.        , -0.35712369, -0.9340571 ]]))
(0.93405710376514872, -0.35712368572507502)
('dthx_d:', 0.033482715600759126)
('omega:', -0.0031402925204042477)
('target_tf:', array([[ 0.        , -0.93405332,  0.35713359],
       [-1.        ,  0.        ,  0.        ],
       [ 0.        , -0.35713359, -0.93405332]]))
(0.93405331633847311, -0.35713359158317814)
('dthx_d:', 0.033254054875724991)
('omega:', -0.0031406488603654987)
('target_tf:', array([[ 0.        , -0.93402032,  0.35721988],
       [-1.        ,  0.        ,  0.        ],
       [ 0.        , -0.35721988, -0.93402032]]))
(0.93402031776663452, -0.35721988466365512)
('dthx_d:', 0.03160647081858723)
('omega:', -0.0031452421106803368)
('target_tf:', array([[ 0.        , -0.93398526,  0.35731153],
       [-1.        ,  0.        ,  0.        ],
       [ 0.        , -0.35731153, -0.93398526]]))
(0.93398526205885668, -0.35731153109975172)
('dthx_d:', 0.030255477595281986)
('omega:', -0.0031456365148541127)
('target_tf:', array([[ 0.        , -0.93401628,  0.35723043],
       [-1.        ,  0.        ,  0.        ],
       [ 0.        , -0.35723043, -0.93401628]]))
(0.93401628385627289, -0.35723043192219539)
('dthx_d:', 0.028667274295072296)
('omega:', -0.0031440248907573728)
('target_tf:', array([[ 0.        , -0.93398165,  0.35732096],
       [-1.        ,  0.        ,  0.        ],
       [ 0.        , -0.35732096, -0.93398165]]))
(0.93398165314501447, -0.35732096438427158)
('dthx_d:', 0.026380795764163998)
('omega:', -0.0031461805534776796)
('target_tf:', array([[ 0.        , -0.93391539,  0.35749413],
       [-1.        ,  0.        ,  0.        ],
       [ 0.        , -0.35749413, -0.93391539]]))
(0.93391538642249805, -0.35749412722912821)
('dthx_d:', 0.023593300082273588)
('omega:', -0.0031431910658306253)
('target_tf:', array([[ 0.        , -0.93385197,  0.35765976],
       [-1.        ,  0.        ,  0.        ],
       [ 0.        , -0.35765976, -0.93385197]]))
(0.93385196640218571, -0.35765976129105015)
('dthx_d:', 0.022099012210507259)
('omega:', -0.0031464749853946715)
('target_tf:', array([[ 0.        , -0.93388121,  0.35758339],
       [-1.        ,  0.        ,  0.        ],
       [ 0.        , -0.35758339, -0.93388121]]))
(0.93388121287490522, -0.35758338921053928)
('dthx_d:', 0.020619321367174908)
('omega:', -0.0031430689111935847)
('target_tf:', array([[ 0.        , -0.93385331,  0.35765625],
       [-1.        ,  0.        ,  0.        ],
       [ 0.        , -0.35765625, -0.93385331]]))
(0.93385330995411975, -0.35765625324847145)
('dthx_d:', 0.018504902779230083)
('omega:', -0.0031354629099084198)
('target_tf:', array([[ 0.        , -0.93387078,  0.35761064],
       [-1.        ,  0.        ,  0.        ],
       [ 0.        , -0.35761064, -0.93387078]]))
(0.93387077649905914, -0.35761064413834814)
('dthx_d:', 0.016726047345021575)
('omega:', -0.0031462403034207345)
('target_tf:', array([[ 0.        , -0.93391272,  0.35750109],
       [-1.        ,  0.        ,  0.        ],
       [ 0.        , -0.35750109, -0.93391272]]))
(0.93391272044248719, -0.35750109174058858)
('dthx_d:', 0.014605762396605194)
('omega:', -0.0031387216508095266)
('target_tf:', array([[ 0.        , -0.93389804,  0.35753945],
       [-1.        ,  0.        ,  0.        ],
       [ 0.        , -0.35753945, -0.93389804]]))
(0.93389803675886573, -0.35753944808641225)
('dthx_d:', 0.012233229611209987)
('omega:', -0.0031392833649921768)
('target_tf:', array([[ 0.        , -0.9339259 ,  0.35746665],
       [-1.        ,  0.        ,  0.        ],
       [ 0.        , -0.35746665, -0.9339259 ]]))
(0.93392590429383771, -0.35746664919812793)
('dthx_d:', 0.010154439101468082)
('omega:', -0.0028064745481037622)
('target_tf:', array([[ 0.        , -0.93401506,  0.35723362],
       [-1.        ,  0.        ,  0.        ],
       [ 0.        , -0.35723362, -0.93401506]]))
(0.93401506292261338, -0.35723362416444876)
('dthx_d:', 0.0086773410982407383)
('omega:', -0.0023580873036036739)
('target_tf:', array([[ 0.        , -0.93403631,  0.35717806],
       [-1.        ,  0.        ,  0.        ],
       [ 0.        , -0.35717806, -0.93403631]]))
(0.93403631262084752, -0.35717806022437942)
('dthx_d:', 0.0070797151162694258)
('omega:', -0.0019771959313007528)
('target_tf:', array([[ 0.        , -0.93398303,  0.35731736],
       [-1.        ,  0.        ,  0.        ],
       [ 0.        , -0.35731736, -0.93398303]]))
(0.93398303340422029, -0.35731735657962543)
('dthx_d:', 0.0057991877734805712)
('omega:', -0.0016107759942380056)
('target_tf:', array([[ 0.        , -0.93403646,  0.35717768],
       [-1.        ,  0.        ,  0.        ],
       [ 0.        , -0.35717768, -0.93403646]]))
(0.93403645839634808, -0.35717767901481073)
('dthx_d:', 0.0041658248938546772)
('omega:', -0.0012506013716353831)
('target_tf:', array([[ 0.        , -0.93408739,  0.35704445],
       [-1.        ,  0.        ,  0.        ],
       [ 0.        , -0.35704445, -0.93408739]]))
(0.93408739293916199, -0.35704445430803095)
('dthx_d:', 0.0034234737075907367)
('omega:', -0.00095085651729798876)
('target_tf:', array([[ 0.        , -0.93415077,  0.3568786 ],
       [-1.        ,  0.        ,  0.        ],
       [ 0.        , -0.3568786 , -0.93415077]]))
(0.93415077385095135, -0.35687859520244236)
('dthx_d:', 0.0018792740970571722)
('omega:', -0.00066530473932644102)
('target_tf:', array([[ 0.        , -0.93429881,  0.35649087],
       [-1.        ,  0.        ,  0.        ],
       [ 0.        , -0.35649087, -0.93429881]]))
(0.93429880575826618, -0.35649087163443272)
('dthx_d:', 0.0008334453137743954)
('omega:', -0.00034106995822858502)
('target_tf:', array([[ 0.        , -0.93438657,  0.35626076],
       [-1.        ,  0.        ,  0.        ],
       [ 0.        , -0.35626076, -0.93438657]]))
(0.93438657479322174, -0.35626075962164427)
('dthx_d:', 0.00029766651746520765)
('omega:', -0.00014220059537155868)
('target_tf:', array([[ 0.        , -0.93445379,  0.35608442],
       [-1.        ,  0.        ,  0.        ],
       [ 0.        , -0.35608442, -0.93445379]]))
(0.93445379121738337, -0.35608441706912541)
('dthx_d:', -0.00021630773014883037)
('omega:', -1.0207362176122472e-05)
('target_tf:', array([[ 0.        , -0.9345604 ,  0.35580453],
       [-1.        ,  0.        ,  0.        ],
       [ 0.        , -0.35580453, -0.9345604 ]]))
(0.9345603963894169, -0.35580453271488249)
('dthx_d:', -0.00089801272890142588)
('omega:', 0.000140267041682887)
